initial_positions:
  JOINT1: 0.0
  JOINT2: 0.58173277828
  JOINT3: -0.37726745641
  JOINT4: 0.0
  JOINT5: 0.0
  JOINT6: -0.78289622440
  JOINT7: -1.78024
  LEFT_PLATE_JOINT: 0.0
  RIGHT_PLATE_JOINT: 0.0
