/**:
  ros__parameters:
    home_can10_0x141: -4.351111111111111
    home_can10_0x142: 22.826666666666668
    home_can10_0x143: 10.473888888888888
    home_can10_0x144: 21.615833

    home_can11_0x141: 30.480000
    home_can11_0x142: 0.380000
    home_can11_0x143: -20.668333333333333
    home_can11_0x144: 12.150000
